ACTIVE_PART_STACK__HEADER_BACKGROUND_COLOR=0.0, 0.0, 0.7606383, 0|0.0, 0.015957447, 0.86702126, 100
LAYOUT__TAB_HEIGHT=24
WINDOW__PERSPECTIVE_SWITCHER_FILL_COLOR=0.0, 0.0, 0.0, 0|0.0, 0.0, 0.3529412, 10|0.0, 0.0, 0.3529412, 100
WINDOW__STATUS_BAR_TEXT_COLOR=209.18918, 0.0, 1.0
eclipse.preferences.version=1
